23 206
24 207
25 207
26 208
27 208
28 208
29 208
30 208
31 208
32 208
33 208
34 208
35 208
36 207
37 207
38 206
39 205
39 204
39 203
40 202
41 202
42 202
43 202
44 202
45 202
46 201
47 201
48 201
49 200
50 200
51 200
52 199
53 199
54 199
55 199
56 199
57 199
58 198
59 198
60 198
61 198
62 198
63 198
64 198
65 197
66 197
67 197
68 197
69 197
70 198
71 197
72 197
73 197
74 197
75 197
76 197
77 197
78 197
79 197
80 197
81 197
82 197
83 197
84 196
85 196
86 196
87 196
88 196
89 196
90 196
91 195
92 195
93 195
94 194
95 194
96 193
97 193
98 192
99 191
100 190
101 189
101 188
101 187
102 186
102 185
101 184
101 183
101 182
101 181
100 180
100 179
99 178
99 177
98 176
98 175
98 174
97 173
97 172
96 171
96 170
95 169
95 168
94 167
94 166
94 165
93 164
93 163
93 162
92 161
92 160
91 159
91 158
90 157
90 156
89 155
89 154
88 153
88 152
88 151
87 150
87 149
86 148
86 147
85 146
85 145
84 144
84 143
83 142
83 141
82 140
82 139
82 138
81 137
81 136
81 135
80 134
80 133
80 132
79 131
79 130
78 129
79 128
80 128
81 129
82 130
83 130
84 130
85 131
86 131
87 131
88 131
89 131
90 131
91 132
92 132
93 132
94 132
95 132
96 133
97 133
98 133
99 133
100 133
101 133
102 133
103 134
104 134
105 134
106 134
107 134
108 134
109 134
110 134
111 134
112 133
113 133
114 132
115 131
115 130
115 129
116 128
117 128
118 129
119 129
120 129
121 130
122 130
123 131
124 131
125 132
126 132
127 133
128 133
129 134
130 134
131 134
132 135
133 136
134 137
135 137
136 138
137 138
138 139
139 140
140 140
141 141
142 142
143 142
144 143
145 143
146 144
147 145
148 146
149 147
150 147
151 148
152 149
153 149
154 150
155 150
156 151
157 152
158 153
159 154
160 155
161 155
162 156
163 157
164 158
165 158
166 159
167 160
168 161
169 162
170 162
171 163
172 163
173 164
174 165
175 166
176 166
177 167
178 167
179 168
180 169
181 169
182 170
183 170
184 171
185 171
186 172
187 172
188 173
189 173
190 174
191 175
192 176
193 176
194 177
195 178
196 178
197 178
198 179
199 179
200 179
201 180
202 180
203 181
204 181
205 182
206 182
207 183
208 183
209 184
210 184
211 184
212 185
213 185
214 185
215 185
216 185
217 186
218 186
219 186
220 187
221 187
222 187
223 187
224 187
225 187
226 187
227 187
228 188
229 188
230 188
231 188
232 188
233 188
234 188
235 188
236 188
237 188
238 188
239 188
240 187
241 187
242 187
243 187
244 186
245 186
246 186
247 185
248 185
249 185
250 184
251 184
252 183
253 182
254 182
255 181
256 180
257 179
258 179
259 178
260 177
261 176
261 175
262 174
262 173
262 172
262 171
263 170
263 169
262 168
262 167
262 166
262 165
261 164
261 163
260 162
259 161
259 160
258 159
257 158
256 157
255 156
254 155
253 154
252 153
251 152
250 151
249 151
248 150
247 149
246 148
245 148
244 147
243 146
242 145
241 144
240 143
240 142
239 141
238 140
237 139
236 139
235 138
234 137
233 136
232 136
231 135
230 135
229 134
228 133
227 133
226 132
225 131
224 130
223 129
222 128
221 127
220 126
219 126
218 125
217 124
216 123
215 122
214 121
213 121
212 120
211 119
210 118
209 117
209 116
208 115
207 114
206 113
205 112
204 111
203 110
203 109
202 108
201 107
200 106
200 105
199 104
198 103
197 103
196 102
195 102
194 101
193 101
192 100
193 99
194 99
195 98
196 97
197 96
197 95
198 94
198 93
197 92
198 91
197 90
197 89
197 88
197 87
196 86
196 85
195 84
195 83
194 82
194 81
193 80
193 79
192 78
192 77
191 76
191 75
190 74
190 73
189 72
189 71
189 70
188 69
188 68
188 67
187 66
187 65
186 64
186 63
186 62
185 61
185 60
185 59
185 58
185 57
185 56
184 55
184 54
184 53
184 52
184 51
183 50
183 49
183 48
182 47
182 46
183 45
184 45
185 46
186 46
187 47
188 48
189 48
190 48
191 49
192 49
193 49
194 50
195 50
196 50
197 50
198 50
199 50
200 50
201 49
201 48
201 47
202 46
203 47
204 48
205 49
206 49
207 50
208 50
209 51
210 52
211 53
212 54
213 54
214 55
215 55
216 55
217 56
218 56
219 57
220 57
221 58
222 58
223 59
224 60
225 60
226 60
227 61
228 61
229 62
230 62
231 63
232 63
233 63
234 64
235 65
236 65
237 66
238 66
239 66
240 66
241 66
242 66
243 66
244 66
245 66
246 66
247 66
248 65
249 64
250 63
250 62
251 61
252 60
253 59
253 58
254 57
255 56
255 55
256 54
256 53
257 52
257 51
258 50
259 49
259 48
260 47
260 46
260 45
261 44
261 43
261 42
262 41
263 42
264 43
265 44
266 45
267 45
268 46
269 47
270 48
271 49
272 49
273 50
274 51
275 52
276 53
277 54
278 54
279 55
280 55
281 56
282 56
283 56
284 57
285 58
285 59
286 60
287 61
287 62
287 63
287 64
288 65
289 66
289 67
290 68
290 69
291 70
291 71
292 72
292 73
293 74
293 75
293 76
294 77
295 78
295 79
295 80
296 81
296 82
297 83
297 84
298 85
298 86
298 87
299 88
299 89
300 90
300 91
300 92
300 93
301 94
301 95
302 96
302 97
302 98
303 99
303 100
304 101
304 102
305 103
305 104
305 105
306 106
306 107
306 108
307 109
307 110
308 111
308 112
309 113
309 114
310 115
310 116
311 117
311 118
312 119
312 120
313 121
314 122
314 123
315 124
315 125
316 126
316 127
316 128
317 129
317 130
318 131
319 132
320 133
320 134
321 135
322 136
323 137
324 138
324 139
325 140
326 141
327 142
328 143
329 144
330 145
330 146
331 147
332 148
333 149
334 150
335 151
336 152
337 152
338 153
339 154
340 155
341 155
342 156
343 157
344 158
345 159
346 159
347 160
348 161
349 161
350 162
351 162
352 163
353 163
354 164
355 165
356 165
357 165
358 166
359 166
360 167
361 167
362 168
363 168
364 169
365 169
366 170
367 170
368 171
369 171
370 172
371 172
372 172
373 172
374 172
375 172
376 172
377 172
378 171
379 171
380 170
381 170
382 170
383 169
384 168
384 167
385 166
385 165
385 164
385 163
385 162
385 161
386 160
386 159
385 158
385 157
385 156
384 155
384 154
384 153
384 152
384 151
383 150
383 149
383 148
383 147
382 146
382 145
382 144
382 143
381 142
381 141
381 140
381 139
380 138
380 137
380 136
379 135
379 134
379 133
379 132
378 131
378 130
378 129
377 128
377 127
377 126
377 125
376 124
376 123
376 122
376 121
376 120
376 119
376 118
375 117
375 116
375 115
375 114
375 113
375 112
375 111
375 110
375 109
375 108
375 107
376 106
376 105
376 104
376 103
376 102
376 101
377 100
377 99
378 98
378 97
379 96
380 95
380 94
380 93
381 92
381 91
382 90
382 89
383 88
383 87
383 86
383 85
384 84
384 83
384 82
384 81
385 80
386 80
387 81
388 82
389 83
390 84
391 85
392 86
393 87
394 88
395 89
396 90
397 90
398 91
399 91
400 92
401 93
402 94
403 95
404 95
405 95
406 95
407 94
408 93
408 92
408 91
409 90
410 91
411 92
412 93
413 94
414 95
415 96
416 97
417 98
418 99
419 100
420 101
421 102
421 103
422 104
422 105
423 106
424 107
424 108
425 109
426 110
426 111
427 112
427 113
427 114
428 115
428 116
429 117
429 118
430 119
430 120
430 121
430 122
431 123
431 124
431 125
432 126
432 127
433 128
433 129
433 130
434 131
434 132
434 133
435 134
435 135
436 136
436 137
436 138
437 139
437 140
438 141
439 142
439 143
439 144
440 145
440 146
440 147
441 148
442 149
443 150
444 151
445 152
446 153
447 154
448 155
449 156
450 157
451 158
452 158
453 158
454 159
455 159
456 160
457 161
458 161
459 161
460 162
461 162
462 162
463 162
464 163
465 162
466 162
467 162
468 161
469 161
470 161
471 161
472 160
473 160
474 160
475 159
476 159
477 159
478 158
479 158
480 158
481 158
482 158
483 158
484 158
485 157
486 156
487 155
488 154
488 153
489 152
490 153
491 154
491 155
492 156
492 157
493 158
494 159
494 160
494 161
495 162
496 163
496 164
496 165
496 166
496 167
496 168
496 169
496 170
496 171
496 172
497 173
497 174
497 175
497 176
497 177
496 178
496 179
496 180
496 181
496 182
496 183
496 184
496 185
496 186
495 187
495 188
495 189
495 190
495 191
495 192
494 193
494 194
494 195
494 196
493 197
493 198
493 199
493 200
493 201
493 202
493 203
492 204
492 205
492 206
492 207
492 208
492 209
492 210
492 211
493 212
494 212
495 213
496 213
497 214
498 214
499 214
500 214
501 214
502 215
503 215
504 215
505 215
506 215
507 215
508 215
509 216
510 216
511 216
512 216
513 216
514 216
515 216
516 216
517 216
518 217
519 217
520 217
521 217
522 217
523 217
524 217
525 217
526 218
527 218
528 218
529 218
530 218
531 218
532 219
533 219
534 219
535 219
536 219
537 219
538 220
539 220
540 220
541 220
542 220
543 221
544 221
545 221
546 221
547 221
548 222
549 222
550 222
551 222
552 223
553 223
554 223
555 223
556 223
557 224
558 224
559 224
560 224
561 225
562 225
563 225
564 225
565 226
566 226
567 226
568 227
569 227
570 227
571 227
572 228
573 228
574 228
575 229
576 229
577 229
578 230
579 230
580 230
581 230
582 231
583 231
584 231
585 232
586 232
587 232
588 232
589 232
590 232
591 232
592 232
593 232
594 232
595 233
595 234
594 235
594 236
594 237
593 238
592 239
591 239
590 239
589 239
588 239
587 239
586 239
585 238
584 238
583 238
582 238
581 237
580 237
579 236
578 236
577 236
576 235
575 235
574 235
573 234
572 234
571 234
570 233
569 233
568 233
567 232
566 232
565 232
564 231
563 231
562 231
561 230
560 230
559 230
558 229
557 229
556 229
555 229
554 228
553 228
552 228
551 228
550 227
549 227
548 227
547 227
546 226
545 226
544 226
543 226
542 226
541 225
540 225
539 225
538 225
537 225
536 224
535 224
534 224
533 224
532 224
531 224
530 224
529 223
528 223
527 223
526 223
525 223
524 223
523 223
522 223
521 222
520 222
519 222
518 222
517 222
516 222
515 222
514 222
513 222
512 222
511 222
510 222
509 222
508 222
507 222
506 222
505 222
504 222
503 222
502 222
501 222
500 222
499 223
498 223
497 224
497 225
496 226
496 227
496 228
496 229
496 230
496 231
496 232
496 233
496 234
496 235
496 236
496 237
496 238
496 239
496 240
496 241
496 242
496 243
496 244
496 245
495 246
495 247
495 248
495 249
495 250
495 251
495 252
495 253
495 254
495 255
495 256
495 257
495 258
494 259
494 260
494 261
494 262
494 263
494 264
494 265
493 266
493 267
493 268
492 269
492 270
492 271
491 272
491 273
491 274
490 275
489 276
489 277
488 278
487 279
486 280
485 281
484 282
483 283
482 283
481 284
480 284
479 284
478 285
477 285
476 286
475 286
474 286
473 287
472 287
471 287
470 288
469 288
468 288
467 288
466 288
465 287
465 286
465 285
465 284
465 283
466 282
466 281
467 280
467 279
467 278
467 277
468 276
468 275
469 274
469 273
469 272
468 271
467 270
466 270
465 269
464 268
463 267
462 266
461 266
460 266
459 266
458 266
457 266
456 266
455 266
454 266
453 266
452 267
451 267
450 268
449 269
448 270
447 271
446 272
445 273
444 274
443 275
442 276
441 277
440 278
439 279
438 280
437 281
437 282
436 283
436 284
436 285
435 286
435 287
434 288
433 289
433 290
432 291
432 292
431 293
431 294
431 295
430 296
430 297
429 298
429 299
428 300
428 301
428 302
427 303
427 304
427 305
426 306
426 307
426 308
425 309
425 310
425 311
424 312
424 313
423 314
423 315
423 316
422 317
421 318
421 319
420 320
420 321
419 322
419 323
418 324
418 325
417 326
417 327
416 328
415 329
415 330
414 331
414 332
413 333
413 334
412 335
412 336
411 337
411 338
410 339
410 340
409 341
408 342
408 343
407 344
407 345
406 346
405 346
404 345
403 345
402 345
401 345
400 345
399 345
398 345
397 346
396 346
395 347
394 348
393 349
392 349
391 350
390 350
389 351
388 352
387 352
386 353
385 354
384 354
383 355
382 356
381 357
380 357
379 358
378 359
377 359
376 360
375 361
374 361
373 362
372 363
371 364
370 365
369 365
368 364
368 363
368 362
368 361
368 360
369 359
369 358
369 357
369 356
369 355
368 354
368 353
368 352
368 351
368 350
367 349
367 348
367 347
367 346
367 345
366 344
365 343
364 343
363 342
362 342
361 341
362 340
363 339
364 338
364 337
364 336
364 335
364 334
364 333
364 332
364 331
364 330
364 329
364 328
364 327
364 326
364 325
365 324
365 323
365 322
365 321
365 320
365 319
365 318
365 317
366 316
366 315
366 314
366 313
366 312
366 311
366 310
366 309
366 308
367 307
367 306
367 305
367 304
368 303
368 302
368 301
368 300
369 299
369 298
369 297
370 296
370 295
370 294
371 293
371 292
371 291
372 290
372 289
373 288
374 287
374 286
374 285
375 284
375 283
376 282
377 281
377 280
378 279
378 278
379 277
379 276
379 275
379 274
379 273
379 272
379 271
379 270
378 269
378 268
378 267
378 266
378 265
377 264
377 263
377 262
376 261
375 260
374 259
373 258
372 258
371 257
370 257
369 256
368 256
367 256
366 256
365 256
364 256
363 256
362 256
361 256
360 257
359 257
358 257
357 258
356 258
355 259
354 259
353 260
352 261
351 262
350 262
349 263
348 264
347 265
346 266
345 267
344 268
343 269
342 270
341 271
340 271
339 272
338 273
337 274
336 274
335 275
334 276
333 276
332 277
331 278
330 278
329 279
328 280
327 280
326 281
325 282
324 283
323 284
322 285
321 286
320 287
319 287
318 288
317 289
316 289
315 290
314 291
313 292
312 292
311 293
310 294
309 295
308 296
307 297
306 297
305 298
305 299
304 300
303 301
303 302
302 303
301 304
301 305
300 306
299 307
299 308
298 309
298 310
297 311
296 312
295 313
294 314
294 315
293 316
293 317
292 318
291 319
291 320
290 321
290 322
289 323
289 324
289 325
288 326
288 327
287 328
287 329
286 330
286 331
285 332
285 333
284 334
284 335
283 336
283 337
282 338
282 339
281 340
281 341
280 342
280 343
279 344
279 345
279 346
278 347
277 348
277 349
276 350
276 351
276 352
275 353
275 354
274 355
274 356
274 357
273 358
273 359
273 360
272 361
272 362
271 363
271 364
270 365
270 366
269 367
269 368
268 369
267 370
267 371
266 372
265 372
264 372
263 372
262 372
261 373
260 373
259 374
258 374
257 375
256 375
255 376
254 377
253 378
252 379
251 379
250 380
249 380
248 381
247 382
246 383
245 384
244 385
243 384
243 383
243 382
243 381
243 380
242 379
242 378
242 377
241 376
241 375
240 374
240 373
239 372
239 371
239 370
238 369
238 368
237 367
237 366
237 365
237 364
236 363
236 362
236 361
235 360
235 359
235 358
235 357
235 356
235 355
234 354
234 353
234 352
233 351
233 350
232 349
231 348
230 348
229 348
228 348
227 348
226 348
225 348
224 348
223 348
222 349
221 349
220 349
219 349
218 350
217 350
216 350
215 350
214 351
213 351
212 351
211 352
210 352
209 352
208 353
207 353
206 353
205 354
204 354
203 355
202 355
201 356
200 356
199 356
198 357
197 357
196 357
195 358
194 358
193 359
192 359
191 360
190 360
189 360
188 361
187 361
186 361
185 362
184 362
183 362
182 363
181 363
180 363
179 364
178 364
177 364
176 365
175 364
175 363
175 362
174 361
173 360
172 360
171 359
170 359
169 359
168 359
167 358
166 359
165 359
164 359
163 359
162 359
161 359
160 359
159 359
158 359
157 359
156 359
155 359
154 360
153 360
152 360
151 361
150 361
149 362
148 363
147 363
146 364
145 364
144 365
143 365
142 366
141 365
142 364
143 363
143 362
144 361
144 360
145 359
145 358
146 357
146 356
146 355
147 354
147 353
148 352
148 351
149 350
149 349
150 348
150 347
151 346
152 345
153 344
153 343
154 342
155 341
155 340
156 339
156 338
157 337
157 336
158 335
159 334
159 333
160 332
161 331
162 330
163 329
163 328
164 327
165 326
165 325
165 324
166 323
166 322
166 321
166 320
165 319
164 318
163 317
164 316
165 316
166 315
167 315
168 314
169 313
170 312
171 311
172 311
173 310
174 309
175 308
176 308
177 307
178 306
179 305
180 304
181 303
182 303
183 302
184 301
185 301
186 300
187 300
188 299
189 298
190 298
191 297
192 297
193 296
194 296
195 295
196 294
197 294
198 293
199 293
200 292
201 292
202 291
203 291
204 290
205 290
206 289
207 289
208 288
209 288
210 287
211 287
212 286
213 285
214 284
215 284
216 284
217 283
218 282
219 281
220 280
221 279
222 278
223 277
224 276
225 276
226 275
227 274
228 273
229 272
229 271
230 270
231 269
231 268
232 267
232 266
233 265
233 264
233 263
233 262
233 261
233 260
233 259
233 258
232 257
232 256
231 255
230 254
229 253
228 252
227 251
226 250
225 250
224 249
223 249
222 249
221 248
220 248
219 247
218 247
217 247
216 247
215 247
214 246
213 246
212 246
211 246
210 246
209 246
208 246
207 245
206 245
205 245
204 245
203 245
202 245
201 246
200 246
199 246
198 246
197 246
196 246
195 246
194 246
193 246
192 246
191 246
190 246
189 246
188 246
187 246
186 246
185 246
184 246
183 246
182 246
181 247
180 247
179 247
178 248
177 248
176 248
175 249
174 249
173 250
172 250
171 250
170 250
169 251
168 251
167 251
166 251
165 252
164 252
163 252
162 252
161 252
160 253
159 253
158 253
157 254
156 254
155 254
154 255
153 255
152 256
151 256
150 257
149 257
148 258
147 258
146 259
145 260
144 260
143 261
142 262
141 263
140 263
139 264
138 265
137 265
136 266
135 266
134 266
133 267
132 267
131 267
130 268
129 268
128 269
127 269
126 270
125 271
124 271
123 272
122 273
121 273
120 274
119 275
118 275
117 276
116 277
115 277
114 278
113 278
112 279
111 279
110 279
109 279
108 280
107 280
106 281
105 281
104 282
103 282
102 283
101 284
100 285
99 285
98 286
97 287
96 287
95 286
94 285
93 284
92 284
91 284
90 283
89 283
88 283
87 283
86 282
85 282
84 282
83 282
82 282
81 282
80 282
79 282
78 282
77 282
76 282
75 282
74 282
73 282
72 283
71 283
70 284
69 283
70 282
70 281
71 280
72 279
72 278
72 277
73 276
73 275
74 274
74 273
74 272
75 271
75 270
75 269
75 268
75 267
76 266
76 265
76 264
76 263
76 262
77 261
77 260
77 259
78 258
78 257
78 256
79 255
79 254
79 253
80 252
80 251
80 250
81 249
81 248
81 247
81 246
80 245
80 244
79 243
78 242
77 242
76 241
75 240
74 240
73 240
72 239
71 239
70 239
69 239
68 239
67 239
66 239
65 239
64 239
63 239
62 238
61 238
60 238
59 238
58 238
57 238
56 238
55 237
54 237
53 237
52 237
51 237
50 237
49 236
48 236
47 236
46 235
45 235
44 234
43 233
44 232
44 231
44 230
44 229
43 228
43 227
42 226
42 225
41 224
40 224
39 223
38 222
37 221
36 221
35 220
34 219
33 218
32 217
31 216
30 215
29 214
28 214
27 213
27 212
26 211
25 210
24 209
23 208
22 207
